7.6727762349108435
7.404277144594396
7.146462493754448
7.33098851366246
7.1990802579737725
7.403234672039114
6.959422428557214
7.198822866094873
7.076312070197248
7.474816068689874
7.5734667575105705
7.036569998619404
6.913615942001343
6.63392805545888
6.97761444588925
6.825401296006873
6.4806374412901855
7.289856862514577
7.035594399939192
7.582678452451178
6.73102826006869
7.129331768827235
7.065715348466914
6.968949865787588
6.685157032723122
7.08307040244975
6.930203435268808
6.5865468294062515
6.620753044777728
6.5774205390443194
6.782384190153568
6.673721691395374
6.76247542969724
6.764473869445476
6.629398003537604
6.88055589604885
6.855098871474571
